-1.65543071e-02 2.72727273e-01
-1.64794007e-02 2.72727273e-01
-1.64044944e-02 2.72727273e-01
-1.63295880e-02 2.72727273e-01
-1.62546816e-02 2.74350649e-01
-1.61797753e-02 2.74350649e-01
-1.61048689e-02 2.74350649e-01
-1.60299625e-02 2.75974026e-01
-1.59550562e-02 2.75974026e-01
-1.58801498e-02 2.75974026e-01
-1.58052434e-02 2.77597403e-01
-1.57303371e-02 2.79220779e-01
-1.56554307e-02 2.79220779e-01
-1.55805243e-02 2.79220779e-01
-1.55056180e-02 2.79220779e-01
-1.54307116e-02 2.80844156e-01
-1.53558052e-02 2.82467532e-01
-1.52808989e-02 2.82467532e-01
-1.52059925e-02 2.82467532e-01
-1.51310861e-02 2.84090909e-01
-1.50561798e-02 2.85714286e-01
-1.49812734e-02 2.85714286e-01
-1.49063670e-02 2.85714286e-01
-1.48314607e-02 2.85714286e-01
-1.47565543e-02 2.87337662e-01
-1.46816479e-02 2.88961039e-01
-1.46067416e-02 2.88961039e-01
-1.45318352e-02 2.88961039e-01
-1.44569288e-02 2.90584416e-01
-1.43820225e-02 2.90584416e-01
-1.43071161e-02 2.92207792e-01
-1.42322097e-02 2.92207792e-01
-1.41573034e-02 2.92207792e-01
-1.40823970e-02 2.95454545e-01
-1.40074906e-02 2.95454545e-01
-1.39325843e-02 2.95454545e-01
-1.38576779e-02 2.97077922e-01
-1.37827715e-02 2.97077922e-01
-1.37078652e-02 2.97077922e-01
-1.36329588e-02 2.98701299e-01
-1.35580524e-02 2.98701299e-01
-1.34831461e-02 2.98701299e-01
-1.34082397e-02 3.01948052e-01
-1.33333333e-02 3.01948052e-01
-1.32584270e-02 3.01948052e-01
-1.31835206e-02 3.03571429e-01
-1.31086142e-02 3.03571429e-01
-1.30337079e-02 3.05194805e-01
-1.29588015e-02 3.05194805e-01
-1.28838951e-02 3.06818182e-01
-1.28089888e-02 3.08441558e-01
-1.27340824e-02 3.08441558e-01
-1.26591760e-02 3.10064935e-01
-1.25842697e-02 3.10064935e-01
-1.25093633e-02 3.11688312e-01
-1.24344569e-02 3.11688312e-01
-1.23595506e-02 3.14935065e-01
-1.22846442e-02 3.14935065e-01
-1.22097378e-02 3.14935065e-01
-1.21348315e-02 3.16558442e-01
-1.20599251e-02 3.18181818e-01
-1.19850187e-02 3.18181818e-01
-1.19101124e-02 3.19805195e-01
-1.18352060e-02 3.21428571e-01
-1.17602996e-02 3.21428571e-01
-1.16853933e-02 3.23051948e-01
-1.16104869e-02 3.24675325e-01
-1.15355805e-02 3.26298701e-01
-1.14606742e-02 3.26298701e-01
-1.13857678e-02 3.26298701e-01
-1.13108614e-02 3.27922078e-01
-1.12359551e-02 3.29545455e-01
-1.11610487e-02 3.31168831e-01
-1.10861423e-02 3.31168831e-01
-1.10112360e-02 3.32792208e-01
-1.09363296e-02 3.32792208e-01
-1.08614232e-02 3.34415584e-01
-1.07865169e-02 3.37662338e-01
-1.07116105e-02 3.37662338e-01
-1.06367041e-02 3.39285714e-01
-1.05617978e-02 3.39285714e-01
-1.04868914e-02 3.40909091e-01
-1.04119850e-02 3.42532468e-01
-1.03370787e-02 3.44155844e-01
-1.02621723e-02 3.45779221e-01
-1.01872659e-02 3.45779221e-01
-1.01123596e-02 3.47402597e-01
-1.00374532e-02 3.49025974e-01
-9.96254682e-03 3.50649351e-01
-9.88764045e-03 3.52272727e-01
-9.81273408e-03 3.52272727e-01
-9.73782772e-03 3.55519481e-01
-9.66292135e-03 3.55519481e-01
-9.58801498e-03 3.57142857e-01
-9.51310861e-03 3.60389610e-01
-9.43820225e-03 3.62012987e-01
-9.36329588e-03 3.62012987e-01
-9.28838951e-03 3.63636364e-01
-9.21348315e-03 3.66883117e-01
-9.13857678e-03 3.68506494e-01
-9.06367041e-03 3.68506494e-01
-8.98876404e-03 3.70129870e-01
-8.91385768e-03 3.71753247e-01
-8.83895131e-03 3.75000000e-01
-8.76404494e-03 3.75000000e-01
-8.68913858e-03 3.76623377e-01
-8.61423221e-03 3.79870130e-01
-8.53932584e-03 3.81493506e-01
-8.46441948e-03 3.81493506e-01
-8.38951311e-03 3.84740260e-01
-8.31460674e-03 3.86363636e-01
-8.23970037e-03 3.87987013e-01
-8.16479401e-03 3.91233766e-01
-8.08988764e-03 3.91233766e-01
-8.01498127e-03 3.94480519e-01
-7.94007491e-03 3.97727273e-01
-7.86516854e-03 3.97727273e-01
-7.79026217e-03 4.00974026e-01
-7.71535581e-03 4.04220779e-01
-7.64044944e-03 4.04220779e-01
-7.56554307e-03 4.05844156e-01
-7.49063670e-03 4.09090909e-01
-7.41573034e-03 4.10714286e-01
-7.34082397e-03 4.15584416e-01
-7.26591760e-03 4.17207792e-01
-7.19101124e-03 4.17207792e-01
-7.11610487e-03 4.20454545e-01
-7.04119850e-03 4.23701299e-01
-6.96629213e-03 4.25324675e-01
-6.89138577e-03 4.30194805e-01
-6.81647940e-03 4.31818182e-01
-6.74157303e-03 4.33441558e-01
-6.66666667e-03 4.36688312e-01
-6.59176030e-03 4.39935065e-01
-6.51685393e-03 4.39935065e-01
-6.44194757e-03 4.41558442e-01
-6.36704120e-03 4.46428571e-01
-6.29213483e-03 4.51298701e-01
-6.21722846e-03 4.52922078e-01
-6.14232210e-03 4.54545455e-01
-6.06741573e-03 4.57792208e-01
-5.99250936e-03 4.61038961e-01
-5.91760300e-03 4.64285714e-01
-5.84269663e-03 4.67532468e-01
-5.76779026e-03 4.70779221e-01
-5.69288390e-03 4.74025974e-01
-5.61797753e-03 4.77272727e-01
-5.54307116e-03 4.80519481e-01
-5.46816479e-03 4.83766234e-01
-5.39325843e-03 4.88636364e-01
-5.31835206e-03 4.91883117e-01
-5.24344569e-03 4.96753247e-01
-5.16853933e-03 4.96753247e-01
-5.09363296e-03 5.03246753e-01
-5.01872659e-03 5.06493506e-01
-4.94382022e-03 5.09740260e-01
-4.86891386e-03 5.12987013e-01
-4.79400749e-03 5.16233766e-01
-4.71910112e-03 5.24350649e-01
-4.64419476e-03 5.25974026e-01
-4.56928839e-03 5.30844156e-01
-4.49438202e-03 5.34090909e-01
-4.41947566e-03 5.38961039e-01
-4.34456929e-03 5.43831169e-01
-4.26966292e-03 5.48701299e-01
-4.19475655e-03 5.51948052e-01
-4.11985019e-03 5.56818182e-01
-4.04494382e-03 5.61688312e-01
-3.97003745e-03 5.66558442e-01
-3.89513109e-03 5.71428571e-01
-3.82022472e-03 5.76298701e-01
-3.74531835e-03 5.82792208e-01
-3.67041199e-03 5.86038961e-01
-3.59550562e-03 5.92532468e-01
-3.52059925e-03 5.95779221e-01
-3.44569288e-03 6.02272727e-01
-3.37078652e-03 6.08766234e-01
-3.29588015e-03 6.12012987e-01
-3.22097378e-03 6.18506494e-01
-3.14606742e-03 6.23376623e-01
-3.07116105e-03 6.29870130e-01
-2.99625468e-03 6.34740260e-01
-2.92134831e-03 6.42857143e-01
-2.84644195e-03 6.46103896e-01
-2.77153558e-03 6.52597403e-01
-2.69662921e-03 6.57467532e-01
-2.62172285e-03 6.63961039e-01
-2.54681648e-03 6.70454545e-01
-2.47191011e-03 6.75324675e-01
-2.39700375e-03 6.83441558e-01
-2.32209738e-03 6.88311688e-01
-2.24719101e-03 6.96428571e-01
-2.17228464e-03 7.02922078e-01
-2.09737828e-03 7.09415584e-01
-2.02247191e-03 7.15909091e-01
-1.94756554e-03 7.24025974e-01
-1.87265918e-03 7.28896104e-01
-1.79775281e-03 7.37012987e-01
-1.72284644e-03 7.43506494e-01
-1.64794007e-03 7.48376623e-01
-1.57303371e-03 7.54870130e-01
-1.49812734e-03 7.61363636e-01
-1.42322097e-03 7.69480519e-01
-1.34831461e-03 7.75974026e-01
-1.27340824e-03 7.84090909e-01
-1.19850187e-03 7.90584416e-01
-1.12359551e-03 7.97077922e-01
-1.04868914e-03 8.03571429e-01
-9.73782772e-04 8.10064935e-01
-8.98876404e-04 8.16558442e-01
-8.23970037e-04 8.23051948e-01
-7.49063670e-04 8.29545455e-01
-6.74157303e-04 8.37662338e-01
-5.99250936e-04 8.50288600e-01
-5.24344569e-04 8.58766234e-01
-4.49438202e-04 8.73376623e-01
-3.74531835e-04 8.84740260e-01
-2.99625468e-04 8.99350649e-01
-2.24719101e-04 9.12337662e-01
-1.49812734e-04 9.25324675e-01
-7.49063670e-05 9.44805195e-01
0.00000000e+00 9.64285714e-01
7.49063670e-05 9.67532468e-01
1.49812734e-04 9.61038961e-01
2.24719101e-04 9.30194805e-01
2.99625468e-04 9.15584416e-01
3.74531835e-04 8.99350649e-01
4.49438202e-04 8.87987013e-01
5.24344569e-04 8.73376623e-01
5.99250936e-04 8.60389610e-01
6.74157303e-04 8.52272727e-01
7.49063670e-04 8.40909091e-01
8.23970037e-04 8.34415584e-01
8.98876404e-04 8.26298701e-01
9.73782772e-04 8.19805195e-01
1.04868914e-03 8.11688312e-01
1.12359551e-03 8.05194805e-01
1.19850187e-03 7.97077922e-01
1.27340824e-03 7.92207792e-01
1.34831461e-03 7.85714286e-01
1.42322097e-03 7.79220779e-01
1.49812734e-03 7.71103896e-01
1.57303371e-03 7.66233766e-01
1.64794007e-03 7.58116883e-01
1.72284644e-03 7.51623377e-01
1.79775281e-03 7.45129870e-01
1.87265918e-03 7.37012987e-01
1.94756554e-03 7.30519481e-01
2.02247191e-03 7.24025974e-01
2.09737828e-03 7.17532468e-01
2.17228464e-03 7.09415584e-01
2.24719101e-03 7.04545455e-01
2.32209738e-03 6.98051948e-01
2.39700375e-03 6.91558442e-01
2.47191011e-03 6.85064935e-01
2.54681648e-03 6.78571429e-01
2.62172285e-03 6.72077922e-01
2.69662921e-03 6.65584416e-01
2.77153558e-03 6.59090909e-01
2.84644195e-03 6.52597403e-01
2.92134831e-03 6.49350649e-01
2.99625468e-03 6.42857143e-01
3.07116105e-03 6.36363636e-01
3.14606742e-03 6.31493506e-01
3.22097378e-03 6.26623377e-01
3.29588015e-03 6.21753247e-01
3.37078652e-03 6.15259740e-01
3.44569288e-03 6.08766234e-01
3.52059925e-03 6.02272727e-01
3.59550562e-03 5.99025974e-01
3.67041199e-03 5.92532468e-01
3.74531835e-03 5.87662338e-01
3.82022472e-03 5.82792208e-01
3.89513109e-03 5.76298701e-01
3.97003745e-03 5.73051948e-01
4.04494382e-03 5.68181818e-01
4.11985019e-03 5.63311688e-01
4.19475655e-03 5.58441558e-01
4.26966292e-03 5.53571429e-01
4.34456929e-03 5.48701299e-01
4.41947566e-03 5.43831169e-01
4.49438202e-03 5.38961039e-01
4.56928839e-03 5.35714286e-01
4.64419476e-03 5.30844156e-01
4.71910112e-03 5.27597403e-01
4.79400749e-03 5.22727273e-01
4.86891386e-03 5.19480519e-01
4.94382022e-03 5.16233766e-01
5.01872659e-03 5.11363636e-01
5.09363296e-03 5.08116883e-01
5.16853933e-03 5.03246753e-01
5.24344569e-03 5.00000000e-01
5.31835206e-03 4.96753247e-01
5.39325843e-03 4.93506494e-01
5.46816479e-03 4.87012987e-01
5.54307116e-03 4.85389610e-01
5.61797753e-03 4.82142857e-01
5.69288390e-03 4.78896104e-01
5.76779026e-03 4.75649351e-01
5.84269663e-03 4.72402597e-01
5.91760300e-03 4.69155844e-01
5.99250936e-03 4.65909091e-01
6.06741573e-03 4.62662338e-01
6.14232210e-03 4.59415584e-01
6.21722846e-03 4.56168831e-01
6.29213483e-03 4.52922078e-01
6.36704120e-03 4.51298701e-01
6.44194757e-03 4.46428571e-01
6.51685393e-03 4.44805195e-01
6.59176030e-03 4.41558442e-01
6.66666667e-03 4.39935065e-01
6.74157303e-03 4.36688312e-01
6.81647940e-03 4.33441558e-01
6.89138577e-03 4.31818182e-01
6.96629213e-03 4.30194805e-01
7.04119850e-03 4.26948052e-01
7.11610487e-03 4.23701299e-01
7.19101124e-03 4.20454545e-01
7.26591760e-03 4.17207792e-01
7.34082397e-03 4.17207792e-01
7.41573034e-03 4.13961039e-01
7.49063670e-03 4.10714286e-01
7.56554307e-03 4.10714286e-01
7.64044944e-03 4.07467532e-01
7.71535581e-03 4.04220779e-01
7.79026217e-03 4.04220779e-01
7.86516854e-03 4.00974026e-01
7.94007491e-03 3.97727273e-01
8.01498127e-03 3.97727273e-01
8.08988764e-03 3.94480519e-01
8.16479401e-03 3.92857143e-01
8.23970037e-03 3.91233766e-01
8.31460674e-03 3.87987013e-01
8.38951311e-03 3.87987013e-01
8.46441948e-03 3.84740260e-01
8.53932584e-03 3.83116883e-01
8.61423221e-03 3.81493506e-01
8.68913858e-03 3.78246753e-01
8.76404494e-03 3.78246753e-01
8.83895131e-03 3.75000000e-01
8.91385768e-03 3.75000000e-01
8.98876404e-03 3.73376623e-01
9.06367041e-03 3.70129870e-01
9.13857678e-03 3.68506494e-01
9.21348315e-03 3.68506494e-01
9.28838951e-03 3.66883117e-01
9.36329588e-03 3.63636364e-01
9.43820225e-03 3.63636364e-01
9.51310861e-03 3.62012987e-01
9.58801498e-03 3.60389610e-01
9.66292135e-03 3.58766234e-01
9.73782772e-03 3.57142857e-01
9.81273408e-03 3.55519481e-01
9.88764045e-03 3.53896104e-01
9.96254682e-03 3.52272727e-01
1.00374532e-02 3.50649351e-01
1.01123596e-02 3.49025974e-01
1.01872659e-02 3.47402597e-01
1.02621723e-02 3.45779221e-01
1.03370787e-02 3.45779221e-01
1.04119850e-02 3.44155844e-01
1.04868914e-02 3.42532468e-01
1.05617978e-02 3.40909091e-01
1.06367041e-02 3.39285714e-01
1.07116105e-02 3.39285714e-01
1.07865169e-02 3.37662338e-01
1.08614232e-02 3.37662338e-01
1.09363296e-02 3.34415584e-01
1.10112360e-02 3.34415584e-01
1.10861423e-02 3.32792208e-01
1.11610487e-02 3.29545455e-01
1.12359551e-02 3.29545455e-01
1.13108614e-02 3.29545455e-01
1.13857678e-02 3.27922078e-01
1.14606742e-02 3.27922078e-01
1.15355805e-02 3.26298701e-01
1.16104869e-02 3.24675325e-01
1.16853933e-02 3.24675325e-01
1.17602996e-02 3.23051948e-01
1.18352060e-02 3.21428571e-01
1.19101124e-02 3.21428571e-01
1.19850187e-02 3.19805195e-01
1.20599251e-02 3.18181818e-01
1.21348315e-02 3.18181818e-01
1.22097378e-02 3.16558442e-01
1.22846442e-02 3.14935065e-01
1.23595506e-02 3.14935065e-01
1.24344569e-02 3.14935065e-01
1.25093633e-02 3.13311688e-01
1.25842697e-02 3.11688312e-01
1.26591760e-02 3.10064935e-01
1.27340824e-02 3.10064935e-01
1.28089888e-02 3.08441558e-01
1.28838951e-02 3.08441558e-01
1.29588015e-02 3.06818182e-01
1.30337079e-02 3.05194805e-01
1.31086142e-02 3.05194805e-01
1.31835206e-02 3.05194805e-01
1.32584270e-02 3.03571429e-01
1.33333333e-02 3.03571429e-01
1.34082397e-02 3.01948052e-01
1.34831461e-02 3.01948052e-01
1.35580524e-02 3.00324675e-01
1.36329588e-02 2.98701299e-01
1.37078652e-02 2.98701299e-01
1.37827715e-02 2.98701299e-01
1.38576779e-02 2.97077922e-01
1.39325843e-02 2.97077922e-01
1.40074906e-02 2.95454545e-01
1.40823970e-02 2.95454545e-01
1.41573034e-02 2.95454545e-01
1.42322097e-02 2.92207792e-01
1.43071161e-02 2.92207792e-01
1.43820225e-02 2.92207792e-01
1.44569288e-02 2.92207792e-01
1.45318352e-02 2.90584416e-01
1.46067416e-02 2.90584416e-01
1.46816479e-02 2.88961039e-01
1.47565543e-02 2.88961039e-01
1.48314607e-02 2.88961039e-01
1.49063670e-02 2.85714286e-01
1.49812734e-02 2.85714286e-01
1.50561798e-02 2.85714286e-01
1.51310861e-02 2.85714286e-01
1.52059925e-02 2.84090909e-01
1.52808989e-02 2.82467532e-01
1.53558052e-02 2.82467532e-01
1.54307116e-02 2.82467532e-01
1.55056180e-02 2.80844156e-01
1.55805243e-02 2.79220779e-01
1.56554307e-02 2.79220779e-01
1.57303371e-02 2.79220779e-01
1.58052434e-02 2.79220779e-01
1.58801498e-02 2.79220779e-01
1.59550562e-02 2.75974026e-01
1.60299625e-02 2.75974026e-01
1.61048689e-02 2.75974026e-01
1.61797753e-02 2.74350649e-01
1.62546816e-02 2.74350649e-01
1.63295880e-02 2.74350649e-01
1.64044944e-02 2.74350649e-01
1.64794007e-02 2.72727273e-01
1.65543071e-02 2.72727273e-01
1.66292135e-02 2.72727273e-01
