-1.65543071e-02 2.54901961e-01
-1.64794007e-02 2.54901961e-01
-1.64044944e-02 2.54901961e-01
-1.63295880e-02 2.54901961e-01
-1.62546816e-02 2.56535948e-01
-1.61797753e-02 2.58169935e-01
-1.61048689e-02 2.58169935e-01
-1.60299625e-02 2.58169935e-01
-1.59550562e-02 2.58169935e-01
-1.58801498e-02 2.59803922e-01
-1.58052434e-02 2.59803922e-01
-1.57303371e-02 2.59803922e-01
-1.56554307e-02 2.61437908e-01
-1.55805243e-02 2.61437908e-01
-1.55056180e-02 2.61437908e-01
-1.54307116e-02 2.61437908e-01
-1.53558052e-02 2.64705882e-01
-1.52808989e-02 2.64705882e-01
-1.52059925e-02 2.64705882e-01
-1.51310861e-02 2.64705882e-01
-1.50561798e-02 2.64705882e-01
-1.49812734e-02 2.66339869e-01
-1.49063670e-02 2.66339869e-01
-1.48314607e-02 2.67973856e-01
-1.47565543e-02 2.67973856e-01
-1.46816479e-02 2.67973856e-01
-1.46067416e-02 2.69607843e-01
-1.45318352e-02 2.71241830e-01
-1.44569288e-02 2.71241830e-01
-1.43820225e-02 2.71241830e-01
-1.43071161e-02 2.71241830e-01
-1.42322097e-02 2.72875817e-01
-1.41573034e-02 2.72875817e-01
-1.40823970e-02 2.74509804e-01
-1.40074906e-02 2.74509804e-01
-1.39325843e-02 2.76143791e-01
-1.38576779e-02 2.76143791e-01
-1.37827715e-02 2.77777778e-01
-1.37078652e-02 2.77777778e-01
-1.36329588e-02 2.77777778e-01
-1.35580524e-02 2.77777778e-01
-1.34831461e-02 2.81045752e-01
-1.34082397e-02 2.81045752e-01
-1.33333333e-02 2.81045752e-01
-1.32584270e-02 2.81045752e-01
-1.31835206e-02 2.82679739e-01
-1.31086142e-02 2.82679739e-01
-1.30337079e-02 2.84313725e-01
-1.29588015e-02 2.84313725e-01
-1.28838951e-02 2.84313725e-01
-1.28089888e-02 2.87581699e-01
-1.27340824e-02 2.87581699e-01
-1.26591760e-02 2.87581699e-01
-1.25842697e-02 2.87581699e-01
-1.25093633e-02 2.89215686e-01
-1.24344569e-02 2.89215686e-01
-1.23595506e-02 2.90849673e-01
-1.22846442e-02 2.90849673e-01
-1.22097378e-02 2.90849673e-01
-1.21348315e-02 2.94117647e-01
-1.20599251e-02 2.94117647e-01
-1.19850187e-02 2.94117647e-01
-1.19101124e-02 2.95751634e-01
-1.18352060e-02 2.95751634e-01
-1.17602996e-02 2.97385621e-01
-1.16853933e-02 2.97385621e-01
-1.16104869e-02 2.99019608e-01
-1.15355805e-02 3.00653595e-01
-1.14606742e-02 3.00653595e-01
-1.13857678e-02 3.00653595e-01
-1.13108614e-02 3.02287582e-01
-1.12359551e-02 3.03921569e-01
-1.11610487e-02 3.05555556e-01
-1.10861423e-02 3.05555556e-01
-1.10112360e-02 3.07189542e-01
-1.09363296e-02 3.07189542e-01
-1.08614232e-02 3.08823529e-01
-1.07865169e-02 3.10457516e-01
-1.07116105e-02 3.10457516e-01
-1.06367041e-02 3.12091503e-01
-1.05617978e-02 3.12091503e-01
-1.04868914e-02 3.13725490e-01
-1.04119850e-02 3.13725490e-01
-1.03370787e-02 3.16993464e-01
-1.02621723e-02 3.16993464e-01
-1.01872659e-02 3.18627451e-01
-1.01123596e-02 3.18627451e-01
-1.00374532e-02 3.20261438e-01
-9.96254682e-03 3.20261438e-01
-9.88764045e-03 3.23529412e-01
-9.81273408e-03 3.23529412e-01
-9.73782772e-03 3.25163399e-01
-9.66292135e-03 3.25163399e-01
-9.58801498e-03 3.26797386e-01
-9.51310861e-03 3.30065359e-01
-9.43820225e-03 3.30065359e-01
-9.36329588e-03 3.30065359e-01
-9.28838951e-03 3.31699346e-01
-9.21348315e-03 3.33333333e-01
-9.13857678e-03 3.33333333e-01
-9.06367041e-03 3.36601307e-01
-8.98876404e-03 3.36601307e-01
-8.91385768e-03 3.38235294e-01
-8.83895131e-03 3.38235294e-01
-8.76404494e-03 3.41503268e-01
-8.68913858e-03 3.43137255e-01
-8.61423221e-03 3.44771242e-01
-8.53932584e-03 3.46405229e-01
-8.46441948e-03 3.48039216e-01
-8.38951311e-03 3.48039216e-01
-8.31460674e-03 3.49673203e-01
-8.23970037e-03 3.51307190e-01
-8.16479401e-03 3.54575163e-01
-8.08988764e-03 3.54575163e-01
-8.01498127e-03 3.56209150e-01
-7.94007491e-03 3.57843137e-01
-7.86516854e-03 3.61111111e-01
-7.79026217e-03 3.61111111e-01
-7.71535581e-03 3.62745098e-01
-7.64044944e-03 3.64379085e-01
-7.56554307e-03 3.66013072e-01
-7.49063670e-03 3.67647059e-01
-7.41573034e-03 3.69281046e-01
-7.34082397e-03 3.70915033e-01
-7.26591760e-03 3.72549020e-01
-7.19101124e-03 3.74183007e-01
-7.11610487e-03 3.77450980e-01
-7.04119850e-03 3.79084967e-01
-6.96629213e-03 3.80718954e-01
-6.89138577e-03 3.83986928e-01
-6.81647940e-03 3.85620915e-01
-6.74157303e-03 3.87254902e-01
-6.66666667e-03 3.90522876e-01
-6.59176030e-03 3.90522876e-01
-6.51685393e-03 3.93790850e-01
-6.44194757e-03 3.97058824e-01
-6.36704120e-03 3.97058824e-01
-6.29213483e-03 4.00326797e-01
-6.21722846e-03 4.03594771e-01
-6.14232210e-03 4.03594771e-01
-6.06741573e-03 4.06862745e-01
-5.99250936e-03 4.10130719e-01
-5.91760300e-03 4.11764706e-01
-5.84269663e-03 4.13398693e-01
-5.76779026e-03 4.16666667e-01
-5.69288390e-03 4.19934641e-01
-5.61797753e-03 4.21568627e-01
-5.54307116e-03 4.26470588e-01
-5.46816479e-03 4.26470588e-01
-5.39325843e-03 4.29738562e-01
-5.31835206e-03 4.33006536e-01
-5.24344569e-03 4.36274510e-01
-5.16853933e-03 4.39542484e-01
-5.09363296e-03 4.41176471e-01
-5.01872659e-03 4.46078431e-01
-4.94382022e-03 4.47712418e-01
-4.86891386e-03 4.50980392e-01
-4.79400749e-03 4.54248366e-01
-4.71910112e-03 4.57516340e-01
-4.64419476e-03 4.60784314e-01
-4.56928839e-03 4.64052288e-01
-4.49438202e-03 4.67320261e-01
-4.41947566e-03 4.70588235e-01
-4.34456929e-03 4.73856209e-01
-4.26966292e-03 4.77124183e-01
-4.19475655e-03 4.80392157e-01
-4.11985019e-03 4.83660131e-01
-4.04494382e-03 4.86928105e-01
-3.97003745e-03 4.91830065e-01
-3.89513109e-03 4.96732026e-01
-3.82022472e-03 4.98366013e-01
-3.74531835e-03 5.01633987e-01
-3.67041199e-03 5.04901961e-01
-3.59550562e-03 5.09803922e-01
-3.52059925e-03 5.13071895e-01
-3.44569288e-03 5.16339869e-01
-3.37078652e-03 5.19607843e-01
-3.29588015e-03 5.22875817e-01
-3.22097378e-03 5.26143791e-01
-3.14606742e-03 5.29411765e-01
-3.07116105e-03 5.32679739e-01
-2.99625468e-03 5.37581699e-01
-2.92134831e-03 5.40849673e-01
-2.84644195e-03 5.42483660e-01
-2.77153558e-03 5.45751634e-01
-2.69662921e-03 5.47385621e-01
-2.62172285e-03 5.50653595e-01
-2.54681648e-03 5.53921569e-01
-2.47191011e-03 5.53921569e-01
-2.39700375e-03 5.57189542e-01
-2.32209738e-03 5.58823529e-01
-2.24719101e-03 5.60457516e-01
-2.17228464e-03 5.62091503e-01
-2.09737828e-03 5.62091503e-01
-2.02247191e-03 5.62091503e-01
-1.94756554e-03 5.60457516e-01
-1.87265918e-03 5.58823529e-01
-1.79775281e-03 5.55555556e-01
-1.72284644e-03 5.52287582e-01
-1.64794007e-03 5.49019608e-01
-1.57303371e-03 5.44117647e-01
-1.49812734e-03 5.37581699e-01
-1.42322097e-03 5.26143791e-01
-1.34831461e-03 5.17973856e-01
-1.27340824e-03 5.03267974e-01
-1.19850187e-03 4.91830065e-01
-1.12359551e-03 4.75490196e-01
-1.04868914e-03 4.60784314e-01
-9.73782772e-04 4.41176471e-01
-8.98876404e-04 4.19934641e-01
-8.23970037e-04 3.95424837e-01
-7.49063670e-04 3.64379085e-01
-6.74157303e-04 3.33333333e-01
-5.99250936e-04 2.92483660e-01
-5.24344569e-04 2.58169935e-01
-4.49438202e-04 2.07516340e-01
-3.74531835e-04 1.71568627e-01
-2.99625468e-04 1.27450980e-01
-2.24719101e-04 9.47712418e-02
-1.49812734e-04 6.20915033e-02
-7.49063670e-05 3.43137255e-02
0.00000000e+00 1.96078431e-02
7.49063670e-05 1.63398693e-02
1.49812734e-04 2.61437908e-02
2.24719101e-04 5.06535948e-02
2.99625468e-04 8.66013072e-02
3.74531835e-04 1.27450980e-01
4.49438202e-04 1.63398693e-01
5.24344569e-04 2.09150327e-01
5.99250936e-04 2.45098039e-01
6.74157303e-04 2.85947712e-01
7.49063670e-04 3.18627451e-01
8.23970037e-04 3.46405229e-01
8.98876404e-04 3.83986928e-01
9.73782772e-04 4.03594771e-01
1.04868914e-03 4.36274510e-01
1.12359551e-03 4.54248366e-01
1.19850187e-03 4.77124183e-01
1.27340824e-03 4.91830065e-01
1.34831461e-03 5.04901961e-01
1.42322097e-03 5.16339869e-01
1.49812734e-03 5.26143791e-01
1.57303371e-03 5.34313725e-01
1.64794007e-03 5.39215686e-01
1.72284644e-03 5.45751634e-01
1.79775281e-03 5.50653595e-01
1.87265918e-03 5.53921569e-01
1.94756554e-03 5.57189542e-01
2.02247191e-03 5.58823529e-01
2.09737828e-03 5.60457516e-01
2.17228464e-03 5.62091503e-01
2.24719101e-03 5.62091503e-01
2.32209738e-03 5.60457516e-01
2.39700375e-03 5.58823529e-01
2.47191011e-03 5.57189542e-01
2.54681648e-03 5.57189542e-01
2.62172285e-03 5.53921569e-01
2.69662921e-03 5.50653595e-01
2.77153558e-03 5.49019608e-01
2.84644195e-03 5.45751634e-01
2.92134831e-03 5.42483660e-01
2.99625468e-03 5.40849673e-01
3.07116105e-03 5.37581699e-01
3.14606742e-03 5.34313725e-01
3.22097378e-03 5.31045752e-01
3.29588015e-03 5.27777778e-01
3.37078652e-03 5.24509804e-01
3.44569288e-03 5.19607843e-01
3.52059925e-03 5.16339869e-01
3.59550562e-03 5.13071895e-01
3.67041199e-03 5.09803922e-01
3.74531835e-03 5.04901961e-01
3.82022472e-03 5.03267974e-01
3.89513109e-03 5.00000000e-01
3.97003745e-03 4.95098039e-01
4.04494382e-03 4.91830065e-01
4.11985019e-03 4.90196078e-01
4.19475655e-03 4.85294118e-01
4.26966292e-03 4.82026144e-01
4.34456929e-03 4.77124183e-01
4.41947566e-03 4.75490196e-01
4.49438202e-03 4.70588235e-01
4.56928839e-03 4.68954248e-01
4.64419476e-03 4.65686275e-01
4.71910112e-03 4.62418301e-01
4.79400749e-03 4.59150327e-01
4.86891386e-03 4.55882353e-01
4.94382022e-03 4.52614379e-01
5.01872659e-03 4.47712418e-01
5.09363296e-03 4.46078431e-01
5.16853933e-03 4.42810458e-01
5.24344569e-03 4.39542484e-01
5.31835206e-03 4.36274510e-01
5.39325843e-03 4.33006536e-01
5.46816479e-03 4.31372549e-01
5.54307116e-03 4.28104575e-01
5.61797753e-03 4.26470588e-01
5.69288390e-03 4.23202614e-01
5.76779026e-03 4.19934641e-01
5.84269663e-03 4.18300654e-01
5.91760300e-03 4.16666667e-01
5.99250936e-03 4.13398693e-01
6.06741573e-03 4.10130719e-01
6.14232210e-03 4.06862745e-01
6.21722846e-03 4.03594771e-01
6.29213483e-03 4.03594771e-01
6.36704120e-03 4.00326797e-01
6.44194757e-03 3.97058824e-01
6.51685393e-03 3.97058824e-01
6.59176030e-03 3.93790850e-01
6.66666667e-03 3.90522876e-01
6.74157303e-03 3.90522876e-01
6.81647940e-03 3.87254902e-01
6.89138577e-03 3.85620915e-01
6.96629213e-03 3.83986928e-01
7.04119850e-03 3.80718954e-01
7.11610487e-03 3.80718954e-01
7.19101124e-03 3.77450980e-01
7.26591760e-03 3.75816993e-01
7.34082397e-03 3.74183007e-01
7.41573034e-03 3.70915033e-01
7.49063670e-03 3.70915033e-01
7.56554307e-03 3.67647059e-01
7.64044944e-03 3.66013072e-01
7.71535581e-03 3.64379085e-01
7.79026217e-03 3.62745098e-01
7.86516854e-03 3.61111111e-01
7.94007491e-03 3.59477124e-01
8.01498127e-03 3.59477124e-01
8.08988764e-03 3.56209150e-01
8.16479401e-03 3.54575163e-01
8.23970037e-03 3.54575163e-01
8.31460674e-03 3.52941176e-01
8.38951311e-03 3.51307190e-01
8.46441948e-03 3.49673203e-01
8.53932584e-03 3.48039216e-01
8.61423221e-03 3.46405229e-01
8.68913858e-03 3.44771242e-01
8.76404494e-03 3.43137255e-01
8.83895131e-03 3.41503268e-01
8.91385768e-03 3.39869281e-01
8.98876404e-03 3.38235294e-01
9.06367041e-03 3.36601307e-01
9.13857678e-03 3.36601307e-01
9.21348315e-03 3.34967320e-01
9.28838951e-03 3.33333333e-01
9.36329588e-03 3.31699346e-01
9.43820225e-03 3.30065359e-01
9.51310861e-03 3.30065359e-01
9.58801498e-03 3.26797386e-01
9.66292135e-03 3.26797386e-01
9.73782772e-03 3.25163399e-01
9.81273408e-03 3.25163399e-01
9.88764045e-03 3.23529412e-01
9.96254682e-03 3.23529412e-01
1.00374532e-02 3.20261438e-01
1.01123596e-02 3.20261438e-01
1.01872659e-02 3.20261438e-01
1.02621723e-02 3.18627451e-01
1.03370787e-02 3.16993464e-01
1.04119850e-02 3.16993464e-01
1.04868914e-02 3.15359477e-01
1.05617978e-02 3.13725490e-01
1.06367041e-02 3.13725490e-01
1.07116105e-02 3.12091503e-01
1.07865169e-02 3.12091503e-01
1.08614232e-02 3.10457516e-01
1.09363296e-02 3.08823529e-01
1.10112360e-02 3.07189542e-01
1.10861423e-02 3.07189542e-01
1.11610487e-02 3.05555556e-01
1.12359551e-02 3.05555556e-01
1.13108614e-02 3.03921569e-01
1.13857678e-02 3.02287582e-01
1.14606742e-02 3.02287582e-01
1.15355805e-02 3.00653595e-01
1.16104869e-02 3.00653595e-01
1.16853933e-02 2.99019608e-01
1.17602996e-02 2.97385621e-01
1.18352060e-02 2.97385621e-01
1.19101124e-02 2.95751634e-01
1.19850187e-02 2.95751634e-01
1.20599251e-02 2.94117647e-01
1.21348315e-02 2.94117647e-01
1.22097378e-02 2.94117647e-01
1.22846442e-02 2.92483660e-01
1.23595506e-02 2.90849673e-01
1.24344569e-02 2.90849673e-01
1.25093633e-02 2.89215686e-01
1.25842697e-02 2.89215686e-01
1.26591760e-02 2.87581699e-01
1.27340824e-02 2.87581699e-01
1.28089888e-02 2.87581699e-01
1.28838951e-02 2.87581699e-01
1.29588015e-02 2.84313725e-01
1.30337079e-02 2.84313725e-01
1.31086142e-02 2.84313725e-01
1.31835206e-02 2.82679739e-01
1.32584270e-02 2.82679739e-01
1.33333333e-02 2.81045752e-01
1.34082397e-02 2.81045752e-01
1.34831461e-02 2.81045752e-01
1.35580524e-02 2.81045752e-01
1.36329588e-02 2.77777778e-01
1.37078652e-02 2.77777778e-01
1.37827715e-02 2.77777778e-01
1.38576779e-02 2.77777778e-01
1.39325843e-02 2.76143791e-01
1.40074906e-02 2.76143791e-01
1.40823970e-02 2.74509804e-01
1.41573034e-02 2.74509804e-01
1.42322097e-02 2.72875817e-01
1.43071161e-02 2.71241830e-01
1.43820225e-02 2.71241830e-01
1.44569288e-02 2.71241830e-01
1.45318352e-02 2.71241830e-01
1.46067416e-02 2.71241830e-01
1.46816479e-02 2.71241830e-01
1.47565543e-02 2.67973856e-01
1.48314607e-02 2.67973856e-01
1.49063670e-02 2.67973856e-01
1.49812734e-02 2.67973856e-01
1.50561798e-02 2.66339869e-01
1.51310861e-02 2.64705882e-01
1.52059925e-02 2.64705882e-01
1.52808989e-02 2.64705882e-01
1.53558052e-02 2.64705882e-01
1.54307116e-02 2.64705882e-01
1.55056180e-02 2.61437908e-01
1.55805243e-02 2.61437908e-01
1.56554307e-02 2.61437908e-01
1.57303371e-02 2.61437908e-01
1.58052434e-02 2.59803922e-01
1.58801498e-02 2.59803922e-01
1.59550562e-02 2.58169935e-01
1.60299625e-02 2.58169935e-01
1.61048689e-02 2.58169935e-01
1.61797753e-02 2.58169935e-01
1.62546816e-02 2.58169935e-01
1.63295880e-02 2.58169935e-01
1.64044944e-02 2.56535948e-01
1.64794007e-02 2.54901961e-01
1.65543071e-02 2.54901961e-01
1.66292135e-02 2.56535948e-01
